3 20 160
3 20 200
1 20 240
1 20 280
1 20 320
1 20 360
4 20 400
4 20 400
1 20 440
3 20 480
4 20 520
4 20 560
3 20 600
3 60 200
1 60 240
1 60 280
1 60 320
4 60 360
4 60 400
1 60 440
1 60 480
1 60 520
4 60 560
3 60 600
3 100 200
1 100 240
1 100 280
1 100 320
4 100 360
1 100 400
1 100 440
1 100 480
1 100 520
2 100 560
1 100 600
1 140 160
1 140 200
1 140 240
1 140 280
1 140 320
1 140 360
4 140 400
1 140 440
1 140 480
1 140 520
3 140 560
2 140 600
1 180 200
1 180 240
1 180 280
1 180 320
1 180 360
3 180 400
3 180 440
1 180 480
1 180 520
1 180 560
1 180 600
1 220 160
1 220 200
1 220 240
1 220 280
2 220 320
1 220 360
3 220 400
3 220 400
3 220 440
1 220 480
1 220 520
1 220 560
3 220 600
3 260 200
1 260 240
1 260 280
2 260 320
1 260 360
1 260 400
1 260 440
1 260 480
1 260 520
3 260 560
3 260 600
3 300 160
2 300 200
1 300 240
1 300 280
2 300 320
1 300 360
1 300 400
1 300 440
1 300 480
1 300 520
1 300 560
3 300 600
3 340 160
2 340 200
1 340 240
1 340 280
1 340 320
1 340 360
1 340 400
1 340 440
1 340 480
1 340 520
1 340 560
2 340 600
3 380 160
2 380 200
3 380 240
1 380 280
1 380 320
1 380 360
1 380 400
1 380 440
1 380 480
1 380 520
1 380 560
3 380 600
3 420 200
1 420 240
1 420 280
1 420 320
1 420 360
1 420 400
1 420 440
2 420 480
2 420 520
1 420 560
3 420 600
1 460 240
1 460 280
1 460 320
4 460 360
4 460 400
1 460 440
1 460 480
1 460 520
2 460 560
1 460 600
1 500 200
1 500 240
1 500 280
1 500 320
4 500 360
1 500 400
1 500 440
1 500 480
1 500 520
1 500 560
1 500 600
2 540 200
1 540 240
1 540 280
1 540 320
1 540 360
4 540 400
1 540 440
1 540 480
1 540 520
1 540 560
3 540 600
3 580 160
3 580 200
1 580 240
1 580 280
1 580 320
1 580 360
4 580 400
1 580 440
1 580 480
1 580 520
1 580 560
3 580 600
1 620 240
1 620 280
3 620 320
1 620 360
1 620 400
1 620 440
1 620 480
1 620 520
1 620 560
3 620 600
1 660 200
2 660 240
1 660 280
3 660 320
1 660 360
1 660 400
2 660 440
1 660 480
1 660 520
3 660 560
1 700 240
1 700 280
3 700 320
1 700 360
1 700 360
1 700 400
2 700 440
1 700 480
1 700 520
1 700 560
3 700 600
1 740 240
1 740 280
3 740 320
1 740 360
1 740 400
1 740 440
1 740 480
1 740 520
1 740 560
3 740 600
1 340 750
1 340 710
1 380 710
1 420 710
1 420 750