2 20 440
1 60 200
1 60 240
1 60 280
1 60 320
1 60 360
1 60 520
1 60 560
1 60 600
1 100 200
1 100 240
1 100 280
1 100 320
1 100 360
1 100 520
1 100 560
1 100 600
1 100 640
1 100 440
1 140 440
1 180 440
1 220 440
1 260 200
1 260 240
1 260 280
1 260 320
1 260 360
1 260 520
1 260 560
1 260 600
1 220 200
1 220 240
1 220 280
1 220 320
1 220 360
1 220 520
1 220 560
1 220 600
1 340 200
1 340 240
1 340 280
1 340 320
1 340 440
1 340 480
1 340 520
1 340 560
1 340 600
1 380 200
1 380 240
1 380 280
1 380 320
1 380 440
1 380 480
1 380 520
1 380 560
1 380 600
2 420 240
2 420 280
2 420 480
2 420 520
2 460 240
2 460 280
2 460 480
2 460 520
1 500 200
1 500 240
1 500 280
1 500 320
1 500 440
1 500 480
1 500 520
1 500 560
1 500 600
1 540 200
1 540 240
1 540 280
1 540 320
1 540 440
1 540 480
1 540 520
1 540 560
1 540 600
1 620 200
1 620 240
1 620 280
1 620 320
1 620 360
1 620 520
1 620 560
1 620 600
1 660 200
1 660 240
1 660 280
1 660 320
1 660 360
1 660 520
1 660 560
1 660 600
1 740 200
1 740 240
1 740 280
1 740 320
1 740 360
1 740 400
1 740 440
1 740 480
1 740 520
1 740 560
1 740 600
1 340 750
1 340 710
1 380 710
1 420 710
1 420 750