3 20 200
1 20 240
1 20 280
4 20 320
4 20 360
1 20 400
1 20 440
1 20 480
1 20 520
3 20 560
3 60 240
1 60 280
4 60 320
1 60 360
1 60 400
1 60 440
1 60 480
1 60 520
4 60 560
3 60 600
3 100 240
1 100 280
4 100 320
1 100 360
1 100 400
1 100 440
1 100 480
4 100 520
4 100 560
3 100 600
3 140 200
1 140 240
1 140 280
1 140 320
1 140 360
1 140 400
1 140 440
4 140 480
4 140 520
3 140 560
1 180 160
1 180 200
1 180 240
2 180 280
1 180 320
1 180 360
1 180 400
1 180 440
1 180 480
4 180 520
3 180 560
3 220 200
1 220 240
1 220 280
1 220 320
1 220 360
1 220 400
1 220 440
1 220 480
1 220 520
3 220 560
3 260 200
1 260 240
1 260 280
1 260 320
1 260 360
1 260 400
1 260 440
1 260 480
1 260 520
1 260 560
3 260 600
3 300 200
1 300 240
1 300 280
1 300 320
1 300 360
1 300 400
1 300 440
1 300 480
1 300 520
3 300 560
1 340 160
1 340 200
1 340 240
2 340 280
1 340 320
1 340 360
1 340 400
1 340 440
1 340 480
4 340 520
3 340 560
3 380 200
1 380 240
1 380 280
1 380 320
1 380 360
1 380 400
1 380 440
4 380 480
4 380 520
3 380 560
3 420 240
1 420 280
4 420 320
1 420 360
1 420 400
1 420 440
1 420 480
4 420 520
4 420 560
3 420 600
3 460 240
1 460 280
4 460 320
1 460 360
1 460 400
1 460 440
1 460 480
1 460 520
4 460 560
3 460 600
3 500 200
1 500 240
1 500 280
4 500 320
4 500 360
1 500 400
1 500 440
1 500 480
1 500 520
3 500 560
3 540 240
3 540 280
3 540 320
3 540 360
4 540 400
3 540 440
3 540 480
4 540 520
4 540 560
3 540 600
3 580 400
3 580 440
4 580 480
3 580 520
1 620 360
1 620 400
1 620 440
4 620 480
3 620 520
1 660 320
1 660 360
1 660 400
1 660 440
1 660 480
4 660 520
1 660 560
3 660 600
1 700 400
2 700 440
1 700 480
4 700 520
1 700 560
3 700 600
1 740 240
1 740 280
3 740 320
1 740 360
1 740 400
1 740 440
3 740 480
3 740 520
3 740 560
1 340 750
1 340 710
1 380 710
1 420 710
1 420 750